PWM:
	low freq : 1 000 Hz

	Ppwm = 28,449 W
	
	Ptpwm = 0,17533
	
	n = 0,97857364806336555182000630351886
	n = 99,39%



DC:

	Vbramka = 4.2756799V
	Vbramka = 4.4188082V


	Pdc = 28,167
	Ptdc = 12,112

	n = 0,3144163235080590460887914145332
	n = 69,92%





	
1.6867A









	high freq : 100 000 000Hz

	Ppwm = 0,22014
	Ptpwm = 4,6434
	
	n = 0,04526332671264140934381129794347
	n = 4%